Главный вход
[860, 730]
[3, 8]
101
[960, 310]
[3, 4]
102
[1020, 310]
[3, 4]
103
[1100, 310]
[3, 4]
104
[1190, 310]
[3, 4]
105
[1270, 310]
[3, 4]
106
[1405, 410]
[4, 6]
107
[1405, 515]
[4, 6]
110
[1405, 377]
[4, 6]
111
[1405, 248]
[4, 5]
112
[1405, 140]
[4, 5]
115
[1405, 67]
[4, 5]
115-2
[1405, 200]
[4, 5]
Женский туалет
[1304, 310]
[3, 4]
116
[1245, 310]
[3, 4]
117а
[1185, 310]
[3, 4]
117
[1130, 310]
[3, 4]
118
[1086, 310]
[3, 4]
119
[1038, 310]
[3, 4]
120а
[985, 310]
[3, 4]
120
[932, 310]
[3, 4]
121
[788, 310]
[1, 3]
122
[737, 310]
[1, 3]
123
[680, 310]
[1, 3]
124
[627, 310]
[1, 3]
125
[580, 310]
[1, 3]
126
[525, 310]
[1, 3]
Мужской туалет
[475, 310]
[1, 3]
127
[344, 205]
[0, 1]
128
[344, 184]
[0, 1]
129
[344, 156]
[0, 1]
130
[344, 130]
[0, 1]
131
[344, 78]
[0, 1]
133
[344, 184]
[0, 1]
134
[344, 248]
[0, 1]
135
[344, 346]
[1, 2]
136
[344, 396]
[1, 2]
137-1
[192, 498]
[2, 9]
137-2
[192, 498]
[2, 9]
137-3
[100, 498]
[2, 9]
137-4
[100, 498]
[2, 9]
138
[344, 520]
[1, 2]
139
[344, 540]
[1, 2]
140
[500, 310]
[1, 3]
141
[580, 310]
[1, 3]
142
[625, 310]
[1, 3]
143
[675, 310]
[1, 3]
144
[727, 310]
[1, 3]
145
[774, 310]
[1, 3]
148
[1777, 482]
[6, 7]
149
[1687, 482]
[6, 7]
150
[1565, 482]
[6, 7]
151
[1541, 482]
[6, 7]
152
[1593, 482]
[6, 7]
153
[1647, 482]
[6, 7]
154
[1700, 482]
[6, 7]
Банкоматы
[860, 525]
[3, 8]
БАА
[860, 520]
[3, 8]
Запасной выход 1
[344, 595]
[1, 2]
Запасной выход 2
[303, 297]
[0, 1]
Запасной выход 3
[1438, 300]
[4, 5]
Запасной выход 4
[1405, 585]
[6, 7]
